# oST version 5.0 parameters


[image]

width
640

height
480

[narrow_stereo]

camera matrix
539.761991 0.000000 266.447509
0.000000 542.518686 253.771089
0.000000 0.000000 1.000000

distortion
-0.067081 -0.072781 0.006951 -0.023404 0.000000

rectification
1.000000 0.000000 0.000000
0.000000 1.000000 0.000000
0.000000 0.000000 1.000000

projection
499.784607 0.000000 243.068769 0.000000
0.000000 534.517151 256.342071 0.000000
0.000000 0.000000 1.000000 0.000000
