# oST version 5.0 parameters


[image]

width
1920

height
1080

[narrow_stereo]

camera matrix
1344.846293 0.000000 863.294847
0.000000 1346.050046 527.803213
0.000000 0.000000 1.000000

distortion
-0.045270 -0.032168 0.002870 -0.017651 0.000000

rectification
1.000000 0.000000 0.000000
0.000000 1.000000 0.000000
0.000000 0.000000 1.000000

projection
1272.840454 0.000000 808.795747 0.000000
0.000000 1341.135376 529.292082 0.000000
0.000000 0.000000 1.000000 0.000000
