camera_matrix:
- - 1432.2455851573861
  - 0.0
  - 960.8265294681219
- - 0.0
  - 1433.3809312628266
  - 535.0685600788345
- - 0.0
  - 0.0
  - 1.0
dist_coeff:
- - -0.009560330570033278
  - 0.28691145853723243
  - -0.0003096753711279299
  - 0.0010021037229048248
  - -0.6183345704604675
reprojection_error: 0.5329339995993431
